mean_positional_error: 21.55543006766301
top_10_recall_variance: nan
top_10_recall: nan
auc_roc: 0.5180474984868138
user_rank_auc_roc: 0.5089882161694768
user_rank_auc_roc_variance: 0.0001060019185720148
top_10_hit_percentage_variance: 0.00015267450876676203
top_10_hit_percentage: 0.0015503875968992248
top_50_hit_percentage_variance: 0.0002582563741784746
top_50_hit_percentage: 0.0038242894056847547
top_50_recall_variance: nan
top_50_recall: nan
