mean_positional_error: 14.341732970142484
top_10_recall: 0.014937137306374332
auc_roc: 0.7937085618988646
user_rank_auc_roc: 0.6417969574487505
top_10_hit_percentage: 0.08887911120888792
top_50_hit_percentage: 0.04336582653669385
top_50_recall: 0.03644036321040894
