mean_positional_error: 16.724733370460733
top_10_recall_variance: nan
top_10_recall: nan
auc_roc: 0.6190740017852419
user_rank_auc_roc: 0.5799868788695067
user_rank_auc_roc_variance: 9.521157254580483e-05
top_10_hit_percentage_variance: 0.0018053794055044243
top_10_hit_percentage: 0.019121447028423774
top_50_hit_percentage_variance: 0.00031062772842589567
top_50_hit_percentage: 0.00950904392764858
top_50_recall_variance: nan
top_50_recall: nan
