mean_positional_error: 17.14653920050041
top_10_recall_variance: nan
top_10_recall: nan
auc_roc: 0.6409064510317832
user_rank_auc_roc: 0.5937624507863687
user_rank_auc_roc_variance: 8.233295568801886e-05
top_10_hit_percentage_variance: 0.0021831252592160746
top_10_hit_percentage: 0.01937984496124031
top_50_hit_percentage_variance: 0.0005071645364094822
top_50_hit_percentage: 0.013229974160206718
top_50_recall_variance: nan
top_50_recall: nan
