mean_positional_error: 21.521670537215073
top_10_recall_variance: nan
top_10_recall: nan
auc_roc: 0.508852617000729
user_rank_auc_roc: 0.49132614856967094
user_rank_auc_roc_variance: 2.081541789321317e-05
top_10_hit_percentage_variance: 0.0001784353480871197
top_10_hit_percentage: 0.0017128463476070528
top_50_hit_percentage_variance: 0.00029644656559678
top_50_hit_percentage: 0.003858942065491184
top_50_recall_variance: nan
top_50_recall: nan
