mean_positional_error: 20.953977667492033
top_10_recall_variance: nan
top_10_recall: nan
auc_roc: 0.4505762745749968
user_rank_auc_roc: 0.48364899232961
user_rank_auc_roc_variance: 0.00018819455384044292
top_10_hit_percentage_variance: 0.00017925563496500401
top_10_hit_percentage: 0.0012919896640826874
top_50_hit_percentage_variance: 7.874933744547923e-05
top_50_hit_percentage: 0.0017054263565891472
top_50_recall_variance: nan
top_50_recall: nan
