mean_positional_error: 21.598368581993203
top_10_recall: 0.00012272850001227286
auc_roc: 0.47071648153148316
user_rank_auc_roc: 0.49000379345968487
top_10_hit_percentage: 0.000755629439322956
top_50_hit_percentage: 0.0017027536246486182
top_50_recall: 0.001382741100138274
