mean_positional_error: 12.536034488669651
top_10_recall_variance: nan
top_10_recall: nan
auc_roc: 0.741777467077458
user_rank_auc_roc: 0.5986303239708093
user_rank_auc_roc_variance: 1.603314065041766e-06
top_10_hit_percentage_variance: 0.004021607816077826
top_10_hit_percentage: 0.04018
top_50_hit_percentage_variance: 0.0008106316212632352
top_50_hit_percentage: 0.0197
top_50_recall_variance: nan
top_50_recall: nan
