mean_positional_error: 21.182700476152018
top_10_recall_variance: nan
top_10_recall: nan
auc_roc: 0.5186360743026897
user_rank_auc_roc: 0.4858602248912957
user_rank_auc_roc_variance: 3.353602890170361e-05
top_10_hit_percentage_variance: 0.0003256475559237818
top_10_hit_percentage: 0.002619647355163728
top_50_hit_percentage_variance: 0.00010433153994051479
top_50_hit_percentage: 0.0024282115869017633
top_50_recall_variance: nan
top_50_recall: nan
