mean_positional_error: 21.377011922110796
top_10_recall_variance: nan
top_10_recall: nan
auc_roc: 0.614244253492336
user_rank_auc_roc: 0.48112467135613907
user_rank_auc_roc_variance: 0.00017548656722314848
top_10_hit_percentage_variance: 0.00032471717481364373
top_10_hit_percentage: 0.003359173126614987
top_50_hit_percentage_variance: 9.643081261469064e-05
top_50_hit_percentage: 0.002428940568475452
top_50_recall_variance: nan
top_50_recall: nan
