mean_positional_error: 17.147501811778554
top_10_recall: 0.029586892695625578
auc_roc: 0.8616328378525633
user_rank_auc_roc: 0.6508560910155572
top_10_hit_percentage: 0.1766328885321561
top_50_hit_percentage: 0.09677335206180396
top_50_recall: 0.0810501036087438
