top_10_hit_percentage_at_75_user_percentile: 0.0
top_10_hit_percentage_at_50_user_percentile: 0.0
top_10_hit_percentage_at_25_user_percentile: 0.0
top_10_hit_percentage: 0.03389579632918887
top_25_hit_percentage: 0.04588513913558318
positional_error_at_25_user_percentile: 0.0
positional_error_at_50_user_percentile: 1.0
positional_error_at_75_user_percentile: 2.0
mean_positional_error: 1.7771044397822855
auc_roc: 0.8671111161226596
user_based_auc_roc: 0.758830202238868
