mean_positional_error: 90.29135831644568
top_10_recall_variance: 7.380265248164158e-07
top_10_recall: 0.00019526292152383183
auc_roc: 0.6238283266729021
user_rank_auc_roc: 0.48020945240437257
user_rank_auc_roc_variance: 2.5705949951728755e-05
top_10_hit_percentage_variance: 0.0005626440221241134
top_10_hit_percentage: 0.005376344086021506
top_50_hit_percentage_variance: 0.0012346021609440198
top_50_hit_percentage: 0.015376344086021506
top_50_recall_variance: 1.034626409011626e-05
top_50_recall: 0.0027922597777907954
