mean_positional_error: 18.40554234232247
top_10_recall_variance: nan
top_10_recall: nan
auc_roc: 0.44711514583202583
user_rank_auc_roc: 0.4904480894759662
user_rank_auc_roc_variance: 0.00021769389585292822
top_10_hit_percentage_variance: 0.0001117491455181399
top_10_hit_percentage: 0.0011299435028248588
top_50_hit_percentage_variance: 6.434338433369394e-05
top_50_hit_percentage: 0.0015254237288135593
top_50_recall_variance: nan
top_50_recall: nan
