mean_positional_error: 18.64121758110392
top_10_recall: 0.00019936204146730463
auc_roc: 0.12632415593016938
user_rank_auc_roc: 0.4504114178934622
top_10_hit_percentage: 0.001
top_50_hit_percentage: 0.0016
top_50_recall: 0.001594896331738437
