mean_positional_error: 14.431283542014116
top_10_recall_variance: nan
top_10_recall: nan
auc_roc: 0.5207120147059965
user_rank_auc_roc: 0.6300138993895914
user_rank_auc_roc_variance: 1.3200290712770117e-06
top_10_hit_percentage_variance: 0.01191852708526937
top_10_hit_percentage: 0.08911
top_50_hit_percentage_variance: 0.0032295239590476566
top_50_hit_percentage: 0.03875
top_50_recall_variance: nan
top_50_recall: nan
