mean_positional_error: 22.28705413321407
top_10_recall_variance: nan
top_10_recall: nan
auc_roc: 0.5757777308937203
user_rank_auc_roc: 0.5302997077989685
user_rank_auc_roc_variance: 0.00016036012429794289
top_10_hit_percentage_variance: 0.00025419036761430445
top_10_hit_percentage: 0.0020671834625322996
top_50_hit_percentage_variance: 0.00013913344479072668
top_50_hit_percentage: 0.002945736434108527
top_50_recall_variance: nan
top_50_recall: nan
