mean_positional_error: 22.7107405302722
top_10_recall_variance: nan
top_10_recall: nan
auc_roc: 0.8396181548147776
user_rank_auc_roc: 0.2632162228775724
user_rank_auc_roc_variance: 3.310698532539351e-07
top_10_hit_percentage_variance: 0.007238382383822047
top_10_hit_percentage: 0.0487
top_50_hit_percentage_variance: 0.0011628208834426684
top_50_hit_percentage: 0.023785569847609944
top_50_recall_variance: nan
top_50_recall: nan
