mean_positional_error: 16.74877080371823
top_10_recall_variance: nan
top_10_recall: nan
auc_roc: 0.6671853385527783
user_rank_auc_roc: 0.609470072303715
user_rank_auc_roc_variance: 7.750502275271548e-05
top_10_hit_percentage_variance: 0.002839505430764515
top_10_hit_percentage: 0.027906976744186046
top_50_hit_percentage_variance: 0.0005730721015568332
top_50_hit_percentage: 0.014108527131782947
top_50_recall_variance: nan
top_50_recall: nan
