mean_positional_error: 60.33040723358727
top_10_recall_variance: 6.38233178002083e-05
top_10_recall: 0.005175003264986287
auc_roc: 0.7133159810114924
user_rank_auc_roc: 0.5646307674015464
user_rank_auc_roc_variance: 2.152193128338898e-06
top_10_hit_percentage_variance: 0.01800196948593472
top_10_hit_percentage: 0.1394172622319956
top_50_hit_percentage_variance: 0.007838213383862515
top_50_hit_percentage: 0.08387025838372732
top_50_recall_variance: 0.00024470483368104563
top_50_recall: 0.01556582212354708
