mean_positional_error: 14.723952210596813
top_10_recall_variance: nan
top_10_recall: nan
auc_roc: 0.7738120451730719
user_rank_auc_roc: 0.616623509936013
user_rank_auc_roc_variance: 1.515306892723674e-06
top_10_hit_percentage_variance: 0.009235289047109834
top_10_hit_percentage: 0.07347926520734793
top_50_hit_percentage_variance: 0.002490590790355381
top_50_hit_percentage: 0.03192561689259729
top_50_recall_variance: nan
top_50_recall: nan
