mean_positional_error: 13.984669369429533
top_10_recall_variance: nan
top_10_recall: nan
auc_roc: 0.6936174641603697
user_rank_auc_roc: 0.6301376608340992
user_rank_auc_roc_variance: 1.4020584076721567e-06
top_10_hit_percentage_variance: 0.005725263652636025
top_10_hit_percentage: 0.05456
top_50_hit_percentage_variance: 0.001342661184842517
top_50_hit_percentage: 0.030373939252121496
top_50_recall_variance: nan
top_50_recall: nan
