mean_positional_error: 20.172419524786843
top_10_recall: 0.0003613281414120704
auc_roc: 0.7013124936449003
user_rank_auc_roc: 0.5008132974954193
top_10_hit_percentage: 0.0021499785002149978
top_50_hit_percentage: 0.002501994996010008
top_50_recall: 0.0021024256042162792
