mean_positional_error: 14.121696821576455
top_10_recall_variance: nan
top_10_recall: nan
auc_roc: 0.711663081813954
user_rank_auc_roc: 0.6113365123257003
user_rank_auc_roc_variance: 2.4597718074417112e-06
top_10_hit_percentage_variance: 0.003775783321124533
top_10_hit_percentage: 0.03895233043426043
top_50_hit_percentage_variance: 0.0007087320692222112
top_50_hit_percentage: 0.01855099973169628
top_50_recall_variance: nan
top_50_recall: nan
