mean_positional_error: 12.809617008549203
top_10_recall_variance: nan
top_10_recall: nan
auc_roc: 0.7328072982087713
user_rank_auc_roc: 0.6157932004485178
user_rank_auc_roc_variance: 1.4857083512049902e-06
top_10_hit_percentage_variance: 0.006630376303764207
top_10_hit_percentage: 0.0563
top_50_hit_percentage_variance: 0.0011697840955684012
top_50_hit_percentage: 0.024338
top_50_recall_variance: nan
top_50_recall: nan
