mean_positional_error: 22.490665101819808
top_10_recall_variance: nan
top_10_recall: nan
auc_roc: 0.09120990906384392
user_rank_auc_roc: 0.5145237676530636
user_rank_auc_roc_variance: 0.00023333037117686172
top_10_hit_percentage_variance: 0.00022934569689635515
top_10_hit_percentage: 0.0018087855297157622
top_50_hit_percentage_variance: 6.973231929271926e-05
top_50_hit_percentage: 0.0019121447028423774
top_50_recall_variance: nan
top_50_recall: nan
