mean_positional_error: 21.937443140116056
top_10_recall: 0.00038454930003845494
auc_roc: 0.08667092280307143
user_rank_auc_roc: 0.5061805975057887
top_10_hit_percentage: 0.002367758186397985
top_50_hit_percentage: 0.0020654911838790934
top_50_recall: 0.0016772895001677288
