mean_positional_error: 22.288532833597017
top_10_recall_variance: nan
top_10_recall: nan
auc_roc: 0.09232022091403015
user_rank_auc_roc: 0.4955433031553318
user_rank_auc_roc_variance: 4.278524316066095e-05
top_10_hit_percentage_variance: 0.0003717589209108073
top_10_hit_percentage: 0.0024685138539042822
top_50_hit_percentage_variance: 0.00019543344826956804
top_50_hit_percentage: 0.0020654911838790934
top_50_recall_variance: nan
top_50_recall: nan
