mean_positional_error: 0.45876155007213093
top_10_hit_percentage: 0.2687754020144902
auc_roc: 0.7657091263947906
user_based_auc_roc: 0.7874947946209334
