top_10_hit_percentage_at_75_user_percentile: 0.5
top_10_hit_percentage_at_50_user_percentile: 0.16666666666666666
top_10_hit_percentage_at_25_user_percentile: 0.0
top_10_hit_percentage: 0.15896980461811722
top_25_hit_percentage: 0.2498519834221433
positional_error_at_25_user_percentile: 0.0
positional_error_at_50_user_percentile: 1.0
positional_error_at_75_user_percentile: 2.3636363636363638
mean_positional_error: 2.0485146907060128
auc_roc: 0.8589471411450504
user_based_auc_roc: 0.841210219802379
