top_10_hit_percentage_at_75_user_percentile: 0.0
top_10_hit_percentage_at_50_user_percentile: 0.0
top_10_hit_percentage_at_25_user_percentile: 0.0
top_10_hit_percentage: 0.03433984606275903
top_25_hit_percentage: 0.046181172291296625
positional_error_at_25_user_percentile: 0.0
positional_error_at_50_user_percentile: 0.8571428571428571
positional_error_at_75_user_percentile: 2.0
mean_positional_error: 1.78773959638611
auc_roc: 0.8667673733804315
user_based_auc_roc: 0.7584296642776971
