mean_positional_error: 17.167554327220834
top_10_recall_variance: nan
top_10_recall: nan
auc_roc: 0.5581116157635702
user_rank_auc_roc: 0.5998911684329444
user_rank_auc_roc_variance: 1.4010793360982097e-05
top_10_hit_percentage_variance: 0.0038249895019742547
top_10_hit_percentage: 0.033350125944584384
top_50_hit_percentage_variance: 0.0007813805102008473
top_50_hit_percentage: 0.015012594458438288
top_50_recall_variance: nan
top_50_recall: nan
