mean_positional_error: 20.61911040576893
top_10_recall_variance: nan
top_10_recall: nan
auc_roc: 0.8238665427156342
user_rank_auc_roc: 0.46503678896593165
user_rank_auc_roc_variance: 0.00019257181165412704
top_10_hit_percentage_variance: 0.0004339802965732308
top_10_hit_percentage: 0.002325581395348837
top_50_hit_percentage_variance: 0.00015352969118983205
top_50_hit_percentage: 0.002377260981912145
top_50_recall_variance: nan
top_50_recall: nan
