mean_positional_error: 21.81514550972781
top_10_recall_variance: nan
top_10_recall: nan
auc_roc: 0.6861097974328115
user_rank_auc_roc: 0.4586318546251185
user_rank_auc_roc_variance: 3.260760921850741e-05
top_10_hit_percentage_variance: 0.00020931331299420288
top_10_hit_percentage: 0.0015113350125944584
top_50_hit_percentage_variance: 0.00012027495255107589
top_50_hit_percentage: 0.0018035264483627204
top_50_recall_variance: nan
top_50_recall: nan
