mean_positional_error: 21.12993842060603
top_10_recall_variance: nan
top_10_recall: nan
auc_roc: 0.735685095522878
user_rank_auc_roc: 0.4671275310293981
user_rank_auc_roc_variance: 0.00017238972612426784
top_10_hit_percentage_variance: 7.693833512655686e-05
top_10_hit_percentage: 0.0007751937984496124
top_50_hit_percentage_variance: 0.00010278759673896894
top_50_hit_percentage: 0.0021705426356589145
top_50_recall_variance: nan
top_50_recall: nan
