mean_positional_error: 14.341732970142484
top_10_recall_variance: nan
top_10_recall: nan
auc_roc: 0.7937085618988646
user_rank_auc_roc: 0.6417969574487506
user_rank_auc_roc_variance: 1.1545476488478384e-06
top_10_hit_percentage_variance: 0.015244060959388073
top_10_hit_percentage: 0.08887911120888792
top_50_hit_percentage_variance: 0.004033241264632402
top_50_hit_percentage: 0.04336582653669385
top_50_recall_variance: nan
top_50_recall: nan
