mean_positional_error: 0.38924078424347097
top_10_hit_percentage: 0.26712611179831536
auc_roc: 0.7626384770018826
user_based_auc_roc: 0.7848842034972991
