mean_positional_error: 22.668057891961357
top_10_recall_variance: nan
top_10_recall: nan
auc_roc: 0.3640402687574817
user_rank_auc_roc: 0.50446362609589
user_rank_auc_roc_variance: 0.0001977541104372875
top_10_hit_percentage_variance: 0.0001526745087667606
top_10_hit_percentage: 0.0015503875968992248
top_50_hit_percentage_variance: 9.275656553881443e-05
top_50_hit_percentage: 0.0027388765438478633
top_50_recall_variance: nan
top_50_recall: nan
