mean_positional_error: 13.32694751362681
top_10_recall_variance: nan
top_10_recall: nan
auc_roc: 0.7165619251450559
user_rank_auc_roc: 0.6001492980690424
user_rank_auc_roc_variance: 1.99534475564017e-06
top_10_hit_percentage_variance: 0.0038382079820788824
top_10_hit_percentage: 0.03952
top_50_hit_percentage_variance: 0.0008162486915191787
top_50_hit_percentage: 0.020263837889296886
top_50_recall_variance: nan
top_50_recall: nan
