mean_positional_error: 17.302017805420554
top_10_recall: 0.0289230165028923
auc_roc: 0.8145339123137406
user_rank_auc_roc: 0.6528502239679645
top_10_hit_percentage: 0.18556430446194225
