mean_positional_error: 94.21313478844314
top_10_recall_variance: 7.680791536994163e-05
top_10_recall: 0.005861013048311911
auc_roc: 0.4394240805714104
user_rank_auc_roc: 0.6205361645351457
user_rank_auc_roc_variance: 1.279277662838538e-05
top_10_hit_percentage_variance: 0.029793750198775924
top_10_hit_percentage: 0.16155913978494624
top_50_hit_percentage_variance: 0.011527836795480403
top_50_hit_percentage: 0.10913978494623656
top_50_recall_variance: 0.0004562807656065973
top_50_recall: 0.01979676620311677
