mean_positional_error: 22.092469347100643
top_10_recall_variance: nan
top_10_recall: nan
auc_roc: 0.5154511402629935
user_rank_auc_roc: 0.5082288720031053
user_rank_auc_roc_variance: 0.0001237389820022878
top_10_hit_percentage_variance: 0.00027622999486409563
top_10_hit_percentage: 0.002842377260981912
top_50_hit_percentage_variance: 0.0002590362821466677
top_50_hit_percentage: 0.0037209302325581397
top_50_recall_variance: nan
top_50_recall: nan
