mean_positional_error: 22.313775691198884
top_10_recall_variance: nan
top_10_recall: nan
auc_roc: 0.45207676373583294
user_rank_auc_roc: 0.5073797504413428
user_rank_auc_roc_variance: 4.1280915220750156e-05
top_10_hit_percentage_variance: 0.0003026274061862229
top_10_hit_percentage: 0.0021662468513853903
top_50_hit_percentage_variance: 0.00016507406390252522
top_50_hit_percentage: 0.0022367758186397986
top_50_recall_variance: nan
top_50_recall: nan
