mean_positional_error: 21.70571676690818
top_10_recall: 0.0002945484000294548
auc_roc: 0.43498920861717894
user_rank_auc_roc: 0.4960961798658042
top_10_hit_percentage: 0.0018136020151133501
top_50_hit_percentage: 0.0020251889168765745
top_50_recall: 0.0016445619001644561
