mean_positional_error: 14.723952210596813
top_10_recall: 0.012349019456259968
auc_roc: 0.7738120451730719
user_rank_auc_roc: 0.616623509936013
top_10_hit_percentage: 0.07347926520734793
top_50_hit_percentage: 0.03192561689259729
top_50_recall: 0.0268273540528413
