mean_positional_error: 20.933873393931165
top_10_recall_variance: nan
top_10_recall: nan
auc_roc: 0.7620118441300684
user_rank_auc_roc: 0.48528538311780517
user_rank_auc_roc_variance: 0.00010348580324684702
top_10_hit_percentage_variance: 0.000102317299838443
top_10_hit_percentage: 0.0010335917312661498
top_50_hit_percentage_variance: 0.00019774406278365913
top_50_hit_percentage: 0.0029974160206718346
top_50_recall_variance: nan
top_50_recall: nan
