mean_positional_error: 17.531867061616833
top_10_recall_variance: nan
top_10_recall: nan
auc_roc: 0.6978505905429262
user_rank_auc_roc: 0.5756814250799831
user_rank_auc_roc_variance: 2.963447468972845e-05
top_10_hit_percentage_variance: 0.004152800067855346
top_10_hit_percentage: 0.037467700258397935
top_50_hit_percentage_variance: 0.0014455647608733972
top_50_hit_percentage: 0.025426356589147287
top_50_recall_variance: nan
top_50_recall: nan
