mean_positional_error: 21.02116895319228
top_10_recall_variance: nan
top_10_recall: nan
auc_roc: 0.5348583260335572
user_rank_auc_roc: 0.4848208666981246
user_rank_auc_roc_variance: 0.00011379709323665578
top_10_hit_percentage_variance: 0.0002789014648337713
top_10_hit_percentage: 0.002325581395348837
top_50_hit_percentage_variance: 0.0002473910809778224
top_50_hit_percentage: 0.0036175710594315244
top_50_recall_variance: nan
top_50_recall: nan
