mean_positional_error: 19.208600472086538
top_10_recall_variance: nan
top_10_recall: nan
auc_roc: 0.11550907539855812
user_rank_auc_roc: 0.507444758524208
user_rank_auc_roc_variance: 0.00030670148780476895
top_10_hit_percentage_variance: 5.619385603197976e-05
top_10_hit_percentage: 0.0005649717514124294
top_50_hit_percentage_variance: 4.492258013236336e-05
top_50_hit_percentage: 0.0011864406779661016
top_50_recall_variance: nan
top_50_recall: nan
