mean_positional_error: 21.6375256772433
top_10_recall_variance: nan
top_10_recall: nan
auc_roc: 0.09668684128537598
user_rank_auc_roc: 0.5011794306379758
user_rank_auc_roc_variance: 0.00021391796285814916
top_10_hit_percentage_variance: 0.00035944628441938336
top_10_hit_percentage: 0.0015503875968992248
top_50_hit_percentage_variance: 8.627064168664108e-05
top_50_hit_percentage: 0.0019121447028423774
top_50_recall_variance: nan
top_50_recall: nan
