mean_positional_error: 14.390401697770708
top_10_recall_variance: nan
top_10_recall: nan
auc_roc: 0.5677182891090459
user_rank_auc_roc: 0.6255213123565234
user_rank_auc_roc_variance: 1.3210892828060503e-06
top_10_hit_percentage_variance: 0.011623325833259252
top_10_hit_percentage: 0.08648
top_50_hit_percentage_variance: 0.003333971963943243
top_50_hit_percentage: 0.038052
top_50_recall_variance: nan
top_50_recall: nan
