mean_positional_error: 21.1816159208558
top_10_recall_variance: nan
top_10_recall: nan
auc_roc: 0.6110704178303574
user_rank_auc_roc: 0.5027841947810385
user_rank_auc_roc_variance: 0.00011389824515007236
top_10_hit_percentage_variance: 0.00043398029657323254
top_10_hit_percentage: 0.002325581395348837
top_50_hit_percentage_variance: 0.00023368927318052495
top_50_hit_percentage: 0.003359173126614987
top_50_recall_variance: nan
top_50_recall: nan
