mean_positional_error: 21.3792070147687
top_10_recall: 0.00039273120003927313
auc_roc: 0.4175088141567461
user_rank_auc_roc: 0.4981494178793478
top_10_hit_percentage: 0.0024181360201511333
top_50_hit_percentage: 0.003748110831234257
top_50_recall: 0.0030436668003043666
