mean_positional_error: 14.522771972380806
top_10_recall_variance: nan
top_10_recall: nan
auc_roc: 0.6960919414769773
user_rank_auc_roc: 0.5959318684391707
user_rank_auc_roc_variance: 1.7433283074729173e-06
top_10_hit_percentage_variance: 0.0061680103898970415
top_10_hit_percentage: 0.05734942650573494
top_50_hit_percentage_variance: 0.0011188342216684358
top_50_hit_percentage: 0.023996
top_50_recall_variance: nan
top_50_recall: nan
