mean_positional_error: 19.448392931882402
top_10_recall_variance: nan
top_10_recall: nan
auc_roc: 0.5434632565331029
user_rank_auc_roc: 0.6602946798030114
user_rank_auc_roc_variance: 2.641531396610879e-06
top_10_hit_percentage_variance: 0.03319263461806597
top_10_hit_percentage: 0.1930478589420655
top_50_hit_percentage_variance: 0.011203037338410287
top_50_hit_percentage: 0.0975577810466077
top_50_recall_variance: nan
top_50_recall: nan
