mean_positional_error: 18.99860283182494
top_10_recall: 0.031966683303196665
auc_roc: 0.5434224896217845
user_rank_auc_roc: 0.6605269265172755
top_10_hit_percentage: 0.19682619647355165
top_50_hit_percentage: 0.09843531177898905
top_50_recall: 0.07993716300799372
