mean_positional_error: 21.90878811968394
top_10_recall_variance: nan
top_10_recall: nan
auc_roc: 0.07924783414933684
user_rank_auc_roc: 0.4936227812881895
user_rank_auc_roc_variance: 0.00021254575113126116
top_10_hit_percentage_variance: 0.00025419036761430445
top_10_hit_percentage: 0.0020671834625322996
top_50_hit_percentage_variance: 0.0001334123390788784
top_50_hit_percentage: 0.0020155038759689923
top_50_recall_variance: nan
top_50_recall: nan
