mean_positional_error: 21.501035995715213
top_10_recall_variance: nan
top_10_recall: nan
auc_roc: 0.6779177552155137
user_rank_auc_roc: 0.5017379774698951
user_rank_auc_roc_variance: 0.00021607837904726694
top_10_hit_percentage_variance: 0.0003034789885547522
top_10_hit_percentage: 0.002583979328165375
top_50_hit_percentage_variance: 0.00010961446237832204
top_50_hit_percentage: 0.00248062015503876
top_50_recall_variance: nan
top_50_recall: nan
