mean_positional_error: 21.178240158634715
top_10_recall: 0.0003354579000335458
auc_roc: 0.48260195630632874
user_rank_auc_roc: 0.5048937153127335
top_10_hit_percentage: 0.0020654911838790934
top_50_hit_percentage: 0.0023576351106274936
top_50_recall: 0.0019145646001914565
