mean_positional_error: 21.77212574419174
top_10_recall_variance: nan
top_10_recall: nan
auc_roc: 0.09663234852998277
user_rank_auc_roc: 0.4986653283768576
user_rank_auc_roc_variance: 4.2512704559434065e-05
top_10_hit_percentage_variance: 0.0003223328574059342
top_10_hit_percentage: 0.0022670025188916876
top_50_hit_percentage_variance: 0.00015911840491359276
top_50_hit_percentage: 0.002216624685138539
top_50_recall_variance: nan
top_50_recall: nan
