zmean_positional_error: 20.879673013953152
top_10_recall_variance: nan
top_10_recall: nan
auc_roc: 0.0917168998262114
user_rank_auc_roc: 0.48413497668556277
user_rank_auc_roc_variance: 0.00024474489270929437
top_10_hit_percentage_variance: 0.00015267450876676236
top_10_hit_percentage: 0.0015503875968992248
top_50_hit_percentage_variance: 6.962014074935037e-05
top_50_hit_percentage: 0.0016537467700258397
top_50_recall_variance: nan
top_50_recall: nan
