mean_positional_error: 13.916634277388646
top_10_recall_variance: nan
top_10_recall: nan
auc_roc: 0.7297851844317775
user_rank_auc_roc: 0.6006889924645458
user_rank_auc_roc_variance: 1.6872997374793913e-06
top_10_hit_percentage_variance: 0.00651528025280289
top_10_hit_percentage: 0.06043
top_50_hit_percentage_variance: 0.0009979511799024124
top_50_hit_percentage: 0.024896
top_50_recall_variance: nan
top_50_recall: nan
