top_10_hit_percentage_at_75_user_percentile: 0.0
top_10_hit_percentage_at_50_user_percentile: 0.0
top_10_hit_percentage_at_25_user_percentile: 0.0
top_10_hit_percentage: 0.033599763173475426
top_25_hit_percentage: 0.04632918886915335
positional_error_at_25_user_percentile: 0.0
positional_error_at_50_user_percentile: 1.0
positional_error_at_75_user_percentile: 2.0
mean_positional_error: 1.7978606698056427
auc_roc: 0.8671706268924153
user_based_auc_roc: 0.7589124696077272
