mean_positional_error: 21.170922803839378
top_10_recall_variance: nan
top_10_recall: nan
auc_roc: 0.46268503504922
user_rank_auc_roc: 0.48447324991968144
user_rank_auc_roc_variance: 0.0001680471410127348
top_10_hit_percentage_variance: 2.5779685207336466e-05
top_10_hit_percentage: 0.00025839793281653745
top_50_hit_percentage_variance: 0.0001200951434302825
top_50_hit_percentage: 0.0017054263565891472
top_50_recall_variance: nan
top_50_recall: nan
