mean_positional_error: 18.653088116758376
top_10_recall_variance: nan
top_10_recall: nan
auc_roc: 0.5601055859791808
user_rank_auc_roc: 0.587890222837476
user_rank_auc_roc_variance: 9.449863960844844e-05
top_10_hit_percentage_variance: 0.0029113679729486754
top_10_hit_percentage: 0.026098191214470285
top_50_hit_percentage_variance: 0.00046696722503536647
top_50_hit_percentage: 0.011007751937984495
top_50_recall_variance: nan
top_50_recall: nan
