mean_positional_error: 21.286315666701356
top_10_recall_variance: nan
top_10_recall: nan
auc_roc: 0.7439824493833029
user_rank_auc_roc: 0.4751282140552731
user_rank_auc_roc_variance: 0.00016202567758654812
top_10_hit_percentage_variance: 0.0002810386408095109
top_10_hit_percentage: 0.0018087855297157622
top_50_hit_percentage_variance: 0.0001654313004578094
top_50_hit_percentage: 0.00248062015503876
top_50_recall_variance: nan
top_50_recall: nan
