mean_positional_error: 0.8225019780963228
top_10_hit_percentage: 0.2705368149725429
auc_roc: 0.8906325614640569
user_based_auc_roc: 0.7995194309338177
