mean_positional_error: 14.50744987502558
top_10_recall_variance: nan
top_10_recall: nan
auc_roc: 0.6387624873686228
user_rank_auc_roc: 0.6059953233442009
user_rank_auc_roc_variance: 2.743175097669178e-06
top_10_hit_percentage_variance: 0.005432031820318319
top_10_hit_percentage: 0.05015
top_50_hit_percentage_variance: 0.000817808991618151
top_50_hit_percentage: 0.018738
top_50_recall_variance: nan
top_50_recall: nan
