mean_positional_error: 21.644761812302793
top_10_recall_variance: nan
top_10_recall: nan
auc_roc: 0.728236688212484
user_rank_auc_roc: 0.45339424552718705
user_rank_auc_roc_variance: 0.00017158852575034877
top_10_hit_percentage_variance: 0.00010231729983844299
top_10_hit_percentage: 0.0010335917312661498
top_50_hit_percentage_variance: 9.163918626218739e-05
top_50_hit_percentage: 0.0021188630490956073
top_50_recall_variance: nan
top_50_recall: nan
