mean_positional_error: 18.927944128694964
top_10_recall_variance: nan
top_10_recall: nan
auc_roc: 0.23020168331572918
user_rank_auc_roc: 0.5046776143586265
user_rank_auc_roc_variance: 0.00017474961212978957
top_10_hit_percentage_variance: 0.0012026957803463849
top_10_hit_percentage: 0.011886304909560724
top_50_hit_percentage_variance: 0.00017332119134147258
top_50_hit_percentage: 0.0049095607235142115
top_50_recall_variance: nan
top_50_recall: nan
