mean_positional_error: 13.750220204474886
top_10_recall_variance: nan
top_10_recall: nan
auc_roc: 0.7326430988447226
user_rank_auc_roc: 0.5949171297573994
user_rank_auc_roc_variance: 1.7127270981220748e-06
top_10_hit_percentage_variance: 0.006080500805006623
top_10_hit_percentage: 0.0566
top_50_hit_percentage_variance: 0.0009923450846900104
top_50_hit_percentage: 0.02413
top_50_recall_variance: nan
top_50_recall: nan
