mean_positional_error: 21.785946569342
top_10_recall_variance: nan
top_10_recall: nan
auc_roc: 0.6322277701577865
user_rank_auc_roc: 0.5032670512682945
user_rank_auc_roc_variance: 0.00018808273492886576
top_10_hit_percentage_variance: 0.0002272085209206176
top_10_hit_percentage: 0.002325581395348837
top_50_hit_percentage_variance: 9.245114524276782e-05
top_50_hit_percentage: 0.0021705426356589145
top_50_recall_variance: nan
top_50_recall: nan
