mean_positional_error: 20.355682030626348
top_10_recall: 0.0011108739603412955
auc_roc: 0.5625197459538817
user_rank_auc_roc: 0.5347960893801665
top_10_hit_percentage: 0.006609933900660993
