mean_positional_error: 12.825469112485433
top_10_recall: 0.006670285550067476
auc_roc: 0.7311436147323613
user_rank_auc_roc: 0.6030300717179646
top_10_hit_percentage: 0.03969
top_50_hit_percentage: 0.020912
top_50_recall: 0.017572311844672596
