mean_positional_error: 21.05636526039009
top_10_recall_variance: nan
top_10_recall: nan
auc_roc: 0.4543474249140231
user_rank_auc_roc: 0.5199387173571961
user_rank_auc_roc_variance: 2.4298230337281705e-05
top_10_hit_percentage_variance: 0.001086936851820664
top_10_hit_percentage: 0.006448362720403023
top_50_hit_percentage_variance: 0.0003776502592403418
top_50_hit_percentage: 0.004685138539042821
top_50_recall_variance: nan
top_50_recall: nan
